0.46013016
0.45922345
0.45994627
0.46268925
0.45144144
0.44625464
0.36865488
0.4530828
0.44955868
0.4718401
0.46187493
0.45743328
0.46910903
0.4663824
0.44605774
0.45871642
0.4515544
0.44244713
0.44672456
0.4510822
0.46605104
0.46513557
0.44464165
0.44258022
0.46054915
0.45052928
0.44623503
0.45021924
0.46735412
0.45851216
0.4627988
0.4438491
0.45397955
0.4524708
0.44234043
0.46380666
0.45791698
0.44297925
0.4700484
0.45386466
0.45105976
0.45395017
0.42562622
0.4488489
0.46238586
0.45815033
0.45287612
0.46725374
0.4570868
0.45820916
0.45669362
0.42090052
0.45305693
0.452215
0.46475875
0.46518147
0.46025032
0.4610721
0.46944547
0.45792338
0.44849226
0.45353934
0.40369603
0.47270137
0.45663938
0.45356992
0.45730248
0.4533413
0.46125168
0.44397607
0.4648682
0.46767527
0.4747466
0.46244457
0.43608028
0.45302916
0.4464389
0.4493103
0.47506002
0.4242822
0.4566745
0.46077204
0.45958635
0.45302662
0.46329594
0.42566168
0.4528346
0.40627137
0.4323949
0.46201864
0.4561257
0.46490625
0.45466205
0.46043384
0.4484705
0.4636657
0.44955194
0.4516849
0.45959702
0.4460063
0.39348075
0.38428187
0.40294087
0.40373725
0.43590507
0.38974425
0.39709163
0.39815402
0.38688546
0.41483554
0.4045566
0.38177246
0.38620302
0.4079209
0.41656324
0.40694278
0.3789024
0.3726598
0.3910413
0.41077098
0.39213395
0.40602812
0.41033337
0.40477216
0.40660724
0.39497575
0.40179545
0.39485836
0.40172377
0.4015082
0.3965851
0.37885872
0.37891096
0.38858184
0.41292146
0.4166072
0.4197841
0.34067622
0.37991112
0.39692608
0.39798665
0.40672606
0.38845345
0.35896188
0.41493472
0.39820835
0.3980971
0.42715013
0.3895901
0.40114242
0.37112066
0.39568156
0.38885683
0.4011012
0.39491403
0.40919772
0.38892776
0.36937955
0.40719885
0.38378176
0.40361473
0.39362746
0.3793836
0.38873088
0.4118361
0.41061032
0.3929735
0.39794278
0.40387246
0.39227527
0.37398595
0.40908098
0.3938839
0.41601002
0.3993098
0.4088445
0.3998564
0.38484433
0.3705126
0.36736378
0.39881635
0.39944664
0.38239095
0.388478
0.37837106
0.37023747
0.42092946
0.38488364
0.40138257
0.39784628
0.396378
0.38284314
0.39549354
0.41622403
0.38904196
0.35979494
0.3921148
0.37795827
0.39347595
0.36889964
