8.0239010e-01
1.7171349e+00
8.5301220e-01
8.7764330e-01
3.0332210e+00
3.6050476e+00
1.8851347e+01
2.2309052e+00
1.7477336e+00
9.2854730e-01
1.3563369e+00
1.5674792e+00
2.8485499e-01
1.2746127e+00
3.4887443e+00
9.3168146e-01
2.7026516e+00
4.4434915e+00
4.8410910e+00
3.5852987e+00
1.7207233e-01
9.3765173e-01
4.0612525e+00
2.4465418e+00
1.6567443e+00
2.5521053e+00
5.1042459e+00
1.9227775e+00
7.7211085e-01
1.3769032e+00
1.3393848e+00
4.0420229e+00
2.4900622e+00
2.8505720e+00
1.9113983e+00
1.1476689e+00
1.7526717e+00
2.0476761e+00
4.0733375e-01
1.9716492e+00
4.1686166e+00
1.4767180e+00
7.9438487e+00
2.8877874e+00
1.0829138e+00
1.4134798e+00
1.2520740e+00
2.0982852e+00
3.5067385e+00
1.2313241e+00
2.6076394e+00
9.5380459e+00
4.1849326e+00
3.7631804e+00
7.2992964e-01
9.6637417e-01
2.1012905e+00
1.4908584e+00
3.2463674e-01
3.6261154e-01
4.6006123e+00
7.7249675e-01
1.3175312e+01
1.7871077e-01
2.5825148e+00
1.6497539e+00
7.7395673e-01
2.4702635e+00
7.4538615e-01
3.8953487e+00
1.7627396e+00
3.2001500e-01
1.4591224e-01
1.2413135e+00
5.1851890e+00
1.9761871e+00
1.7406354e+00
3.2797056e+00
4.0925891e-01
6.8576563e+00
6.7445444e-01
1.7121754e+00
1.1461755e+00
1.9146914e+00
2.3585971e-01
7.5677432e+00
2.8457031e+00
1.2304038e+01
6.7982869e+00
1.6677588e+00
6.4464898e-01
2.8970029e-01
1.6769404e+00
2.0527064e+00
4.6918202e+00
6.3700189e-01
3.6502564e+00
1.7707971e+00
7.6057017e-01
3.5757032e+00
9.8745464e+00
1.0897842e+01
9.2734831e+00
7.9588332e+00
3.8540229e+00
1.1252558e+01
9.4266309e+00
9.6053142e+00
1.0811211e+01
7.1613031e+00
8.5411095e+00
1.2294656e+01
1.1195729e+01
7.4374375e+00
5.5934715e+00
8.8575074e+00
1.0427993e+01
1.1884754e+01
1.0187451e+01
7.7553766e+00
1.0612316e+01
7.6553303e+00
8.0780669e+00
8.6925300e+00
7.5412127e+00
9.4580697e+00
8.2000999e+00
9.4286277e+00
9.0751569e+00
9.1804296e+00
8.9929220e+00
1.2466594e+01
1.1220610e+01
1.0118144e+01
7.0661065e+00
6.7483935e+00
6.0704952e+00
1.5210392e+01
1.1944750e+01
1.0513962e+01
8.0515191e+00
7.7072712e+00
1.1095279e+01
1.3130168e+01
6.6133127e+00
9.1012053e+00
9.8314159e+00
6.0160056e+00
1.1682491e+01
9.1706822e+00
1.3824362e+01
9.2182025e+00
1.0818364e+01
7.7151437e+00
8.7502724e+00
7.6625543e+00
1.0785151e+01
1.2603679e+01
8.8127165e+00
1.0872751e+01
8.9912750e+00
1.0204215e+01
1.2392501e+01
1.0240566e+01
7.9263132e+00
8.2857935e+00
9.6602514e+00
9.6166634e+00
8.2683696e+00
1.0361328e+01
1.2533057e+01
9.4976614e+00
9.5908599e+00
5.5969562e+00
8.4509738e+00
7.2134548e+00
9.2275307e+00
1.1051173e+01
1.3046539e+01
1.3596989e+01
9.7662315e+00
9.3596076e+00
1.1635033e+01
1.0980318e+01
1.1530502e+01
1.1556558e+01
7.0393897e+00
1.1080728e+01
9.8169220e+00
8.4794952e+00
8.6128091e+00
1.2562916e+01
8.3805248e+00
7.5263633e+00
1.0429373e+01
1.4021544e+01
1.0051109e+01
1.0616599e+01
8.1235056e+00
1.3348432e+01
