1.0913319e+01
9.4497983e+00
1.0886287e+01
9.7304697e+00
9.9633435e+00
1.0921579e+01
1.2724631e+01
1.0903749e+01
1.3296767e+01
5.9432761e+00
9.1014864e+00
1.0471986e+01
8.3296541e+00
7.4480897e+00
1.1234070e+01
1.1225403e+01
1.0578762e+01
1.0790632e+01
8.2588743e+00
9.0046232e+00
9.7866564e+00
8.6243417e+00
1.0663762e+01
1.4730449e+01
9.0355386e+00
1.1294896e+01
7.9311506e+00
1.2679109e+01
8.0617193e+00
1.0417431e+01
8.7628133e+00
1.1024031e+01
1.0022708e+01
9.9120227e+00
1.5898185e+01
8.7399076e+00
9.9062412e+00
1.5366051e+01
7.7066186e+00
1.1105997e+01
7.8470832e+00
1.2061279e+01
1.0655060e+01
1.1304250e+01
9.4422778e+00
1.0490383e+01
1.2945027e+01
5.4497969e+00
6.7334186e+00
1.0830938e+01
8.6904623e+00
9.4073034e+00
7.0061622e+00
8.1903311e+00
9.1916369e+00
8.5484037e+00
8.2670299e+00
9.1563064e+00
8.1146674e+00
1.2683767e+01
8.0231306e+00
1.3635885e+01
9.2511268e+00
7.0965186e+00
8.7626364e+00
1.1869002e+01
1.2111859e+01
1.0320455e+01
1.0574801e+01
1.1265811e+01
7.0819163e+00
8.8365805e+00
6.3397014e+00
9.1017938e+00
1.1898549e+01
1.1434883e+01
1.4575657e+01
1.0333455e+01
5.6870185e+00
1.3378799e+01
1.2564561e+01
8.8347381e+00
1.0445229e+01
1.1558903e+01
1.0769414e+01
1.1392734e+01
9.7745689e+00
9.9223526e+00
1.0176177e+01
8.4206881e+00
1.2845921e+01
1.0012663e+01
1.1372962e+01
8.2901327e+00
7.8495294e+00
9.8180655e+00
9.4944563e+00
1.2389648e+01
1.1212127e+01
1.1081029e+01
2.0124523e+01
2.1958045e+01
1.7369347e+01
1.9666919e+01
1.4632314e+01
1.8940556e+01
1.9506111e+01
1.8704117e+01
2.1029707e+01
1.6660197e+01
1.8161306e+01
2.0228829e+01
2.0549145e+01
1.8970491e+01
1.9082818e+01
1.6536468e+01
2.5182817e+01
2.4936910e+01
2.0524466e+01
1.7152963e+01
1.9215007e+01
1.9320871e+01
1.6688856e+01
1.7768764e+01
1.9308447e+01
2.0329958e+01
1.9993595e+01
2.0438092e+01
1.8273363e+01
1.8152734e+01
2.0585657e+01
2.1124214e+01
2.3593929e+01
2.1699548e+01
1.7641550e+01
1.6754846e+01
1.6801730e+01
3.2263747e+01
2.1719876e+01
1.7400774e+01
2.1881724e+01
1.8926963e+01
1.9799456e+01
2.8364838e+01
1.7715214e+01
1.9689613e+01
1.8275728e+01
1.3886145e+01
1.8145663e+01
1.8324843e+01
2.1718157e+01
2.0513713e+01
2.0183108e+01
2.1253127e+01
2.1771437e+01
1.7990575e+01
2.0219623e+01
2.4908011e+01
1.6519701e+01
2.2220148e+01
1.7653049e+01
1.9403570e+01
2.1048896e+01
2.1391824e+01
1.6370126e+01
1.6158671e+01
2.0766208e+01
1.8769806e+01
1.8991544e+01
1.9657550e+01
2.3072138e+01
1.4368763e+01
2.0522588e+01
1.9304078e+01
2.0529552e+01
1.9035248e+01
1.8748068e+01
2.1413169e+01
2.3535038e+01
2.3789775e+01
1.8105294e+01
1.8655103e+01
2.1285482e+01
2.0019012e+01
2.3204176e+01
2.6633257e+01
1.4392721e+01
2.1337408e+01
1.6932164e+01
2.1084512e+01
2.1432632e+01
1.9237830e+01
2.2267894e+01
1.5356966e+01
2.0883011e+01
2.6219402e+01
2.0345486e+01
2.5207930e+01
2.3628621e+01
2.3625067e+01
